----- matrix ----- 
size: 256 x 16
24042 6034 23314 11506 32950 64078 40850 42606 39506 32969 27414 32579 24381 27193 26052 48683 
42737 64751 35330 26414 40208 43331 9418 42599 30780 3683 54187 60435 58220 35925 25585 16726 
41959 48899 28232 9373 47442 3547 51979 21412 36516 13857 53991 60897 41050 14507 44044 18252 
13722 13838 44666 53931 57169 54085 30994 22413 57768 19646 17313 50453 55571 42898 1643 31994 
26262 29876 41367 8168 33423 27810 29580 4403 41668 18036 65300 17182 32543 43808 35434 46266 
57646 14565 34661 49280 3114 119 6157 60882 19765 23470 45799 9800 833 47443 41794 27095 
11783 17625 35263 45206 45436 64843 49609 21568 17343 49373 38750 49887 27645 8649 30617 19755 
23214 65278 3499 26328 65397 9657 21674 19627 33127 1938 29427 33960 49381 5686 61055 61164 
23311 30782 40834 3211 30090 24907 24779 47433 8744 63530 31784 36389 6643 62401 56144 29857 
62143 59644 56185 62005 3765 12323 16096 36892 14261 45523 5317 63642 51209 836 59270 8985 
31619 34568 12196 61709 59475 36976 43606 2683 34970 9855 39072 41613 6720 29681 5934 3328 
23789 62119 65333 27554 8906 15893 64446 23168 61416 4227 21274 47090 5064 15009 56075 36683 
49577 2735 32856 43517 39711 10926 46200 9145 20781 19737 50758 27502 49418 56692 30830 7671 
53275 30627 35225 62182 46520 34135 19814 42400 38363 41088 23954 43427 56097 14493 14574 40139 
17229 47430 18120 56940 58356 64320 550 13602 18521 51308 41104 2403 42465 6398 10074 30204 
37025 45299 26850 18009 13899 46664 60409 52262 22217 18828 30153 12778 33321 44727 52917 50550 
26621 5501 41955 19441 4286 42505 33043 22807 28277 8611 25211 5206 15009 35285 35411 52034 
15049 62261 4507 28948 43390 64917 15674  71 18209 45827 12849 51530 25018 231 36545 51639 
5732 12964 5544 10018 55469 38588 32826 18210 47199 58037 23417 62209 27786 58828 48707 42835 
55553 53215 6247 33407 52596 21921 33478 5269 2212 46328 56799 27230 46559 27808 13333 52291 
40772 18878 62310 30705 57466 29600 48916 39129 22101 6797 35802 49887  89 18974 27187 55642 
6653 33434 23514 59249 55356 56992 64518 57568 37784 55781 19263 18807 18054 32596 5563 58826 
51474 2337 23996 43404 31937 7376 16998 54038 14173 52800 38389 14262 6238  40 4368 12891 
33475 27882 6604 23295 19339 5586 15327 57123 61368 34590 10395 13886 1651 15958 7176 53125 
18295 31172 30994 50232 38548 47992 38734 52721 35256 11587 1447 41495 11628 5816 54386 45103 
33698 60991 2862 53037 1041 18189 44625 62409 52780 55020 10759 54431 5442 17936 42020 23737 
49108 7478 8433 22121 55470 47167 9306 25191 58754 10754 1150 4846 16570 55536 49949 50268 
50991 52811 37770 52033 5465 16859 48906 58245 6343 59666 47140 11785 12066 23624 35522 61174 
31103 43955 17759 21037 25586 27066 46228 18804 37820 47378 23651 54390 37379 8064 39122 22834 
60876 11356 9331 805 28215 58238 59050 34558 52368 40654 46343 64434 64278 16329 60072 29845 
60284 12296 50883 20334 39362 31575 39139 11646 13418 62790 500 50797 5318 39622 8095 658 
50979 17427 1463 13658 10129 60513 48217 62497 35631 29024 61395 34374 45354 55931 64219 40102 
2691 49566 60437 42053 15606 34040 53699 29024 31294 54199 14285 36612 28286 22380 37271 13729 
39807 38734 27387 49936 33712 10068 46897 3807 39093 42756 38181 18911 33152 36865 59013 35843 
20895 53914 12361 36501 22418 524 65525 53712 54724 14274 24789 17474 36655 62060 31203 10926 
35258 58590 60863 3434 3123 42224 7242 42216 19445 45423 61127 52597 16752 54604 22904 37648 
42983 35265 8613 65401 35790 8603 53578 24978 22877 12831 42452 59532 9355 8119 4923 44613 
1173 250 48048 4296 42474 55290 46512 61919 35177 42103 48980 51930 31172 6349 24042 8619 
41614 32655 8484 11868 41258 62062 36846 64136 9357 13762 58132 18712 21881 63055 63326 23055 
63305 45838 27351 40244 35592 8328 36627 5233 50431 20072 57163 16067 26421 15669 24686 2499 
48325 33171 14368 24047 29697 51214 22647 39055 64977 15244 57767 21322 12763 55557 44377 10533 
35859 6193 50777 5915 14521 21868 11149 64952 41940 2776 15484 2825 18446 40170 5325 1235 
7805 19693 25282 37503 5371 47930 11022 4812 63174 3253 26135 10401 58811 4976 20934 29134 
11169 6175 35050 25690 28044 46199 25107 4448 48975 40591 7274 1885 15225 12599 3120 23031 
32292 28403 60534 37663 10797 6020 42476 8435 9273 3075 18836 2548 8051 39771 31683 19221 
45946 1197 44911 8454 47396 4482 12903 30835 45073 20177 32721 60299 32776 35841 17794 65068 
64244 12792 37195 9505 18812 14135 17940 28085 17210 36777 30634 25262 11012 62317 44483 56958 
63514 23858 65413 45374 28341 12780 10673 7878 32957 43394 2641 197 13700 20435 65265 12408 
33227 36924 21914 52039 51060 39854 14589 2734 11095 45223 27996 22107 42004 6943 13530 39982 
30802 13407 19820 59143 26187 30493 1485 59144 8352 4127 59341 22052 24562 59070 34460 57790 
30458 56374 44293 15982 30693 58882 18717 41788 38569 46713 63896 15037 53657 11890 55019 18923 
25297 9303 12530 51484 39797 14015 45092 48149 18142 38897 4665 42705 32431 39125 34959 62889 
29964 13716 13336 60657 7063 32053 36909 45632 13230 35269 60670 1351 47159 50153 20274 6920 
59457 32804 58404 33718 46820 37960 16331 64962 11321 20996 42131 43752 60121 11554 41106 24549 
25271 54442 19670 32334 20959 56580 12430 34189 26313 7564 35541 7937 57718 55815 14857 51639 
23084 7726 19821 4368 45686 36152 3794 57008 57148 45926 35224 51733 57480 10794 10747 17215 
65236 30417 49549 20659 21461 61980 54849 47775 4008 24854 55712 61726 15133 5033 47829 38217 
12759 2114 42585 58446 38266 46380 49918 29878 26770 19606 16076 18714 30401 26823 35930 30101 
57240 19943 50761 13166 16387 40074 60941 20396 64928 51117 16586 14525 56150 64416 52743 3374 
994 29792 61820 39261 10636 46202 3603 37406 272 19679 56121 30673 46502 26515 60775 38207 
46458 46000 51373 62846 20538 46778 17706 19930 32359 34292 34455 22973 33172 21662 26347 34167 
51455 22631 7892 62091 3297 11495 33962 3570 31175 24547 34243 12141 51062 29482 50348 31984 
9946 36185 29294 30484 17427 47000 50414 49786 15757 19334 7224 48929 40996 33571 17560 26915 
56203 25452 23471 59500 36948 57433 63070 2587 16444 31778 14728 1970 61260 65077 33954 5671 
35726 63249 36155 53154 44713 21034 37404 60470 40368 44628 43864 15828 12664 61424 42744 3331 
21341 679 62831 58289 58112 60366 60876 9020 26608 10068 10990 22332 9609 44944 28003 45336 
42657 64159 32954 21835 19657 4822 16769 60025 49451 60633 10317 62115 56522 53061 65446 12327 
53740 62741 5080 46316 57571 420 55336 18643 10488 790 40976 20098 45735 3443 65434 22856 
2066 32852 44691 21723 37674 61461 16212 21589 56558 26530 18168 47544 14055 18078 59871 2260 
15284 64951 48576 7319 65371 38377 25963 10324 39167 1403 30422 19366 4846 30320 42223 6913 
63172 21378 28636 35310 17303 44849 56900 8326 5843 9532 55870 19898 27611 50206 22158 42895 
49621 5199 50214 49457 43576 10641 59781 17207 12044 24667 36574 16891 54987 13261 23804 52623 
34639 52440 22397 51943 31753 13761 60269 37596 23294 50603 57495 50905 35273 14117 28264 19359 
19316 12942 3280 62892 23584 63061 14564 35628 22192 51138 52519 11643 64399 10787 64266 33502 
63228 21127 19909 29445 34889 14642 1506 58183 65246 59001 43552 34983 7582 6280 54342 26899 
19222 57622 24255 42806 55147 38819 12899 11803 24421 65418 23446 23284 10670 22176 56787 8362 
43304 11160 37807 12657 25803 39313 5304 25513 32778 48856 60496 40361 55136 49303 1724 8822 
41389 25979 51629 31001 64799 64528 42804 23684 64410 715 46969 9544 22891 38220 17906 659 
49380 55714 13316 9647 29491 18620 35160 62270 1940 30121 37095 57076 13888 38819 363 55277 
64798 51992 20742 64061 50984 63547 22210 49858 64262 3643 59403 21617 41863 11773 22277 25707 
1951 35593 35355 31443 54214 4979 28177 56154 35100 65272 47695 48988 38555 48058 38730 37817 
34514 59472 36343 19962 57483 58553 4284 56209 62196 63687 12291 38523 9925 34568 64230 11876 
4625 34049 43319 58839 39029 5960 49458 8593 5696 31617 57582 44251 14139 30776 16533 48653 
24712 52876 3079 16660 45893 7363 7333 42553 5515 19624 15540 15440 54192 14234 27316 58818 
48284 5100 52121 21777 11060 36043 30370 16757 2124 22416 61008 16263 53192 12005 64916 12369 
64881 2459 29029 45238 9823 36362 22255 15338 55987 37795 30778 44643 52030 58094 37925 34778 
63194 24511 56555 8719 60554 21389 25476 62679 43806 20948 13406 31462 32954 12787 43831 32299 
15246 7324 12002 25069 43687 34257 40407 34138 6517 5649 13245 58547 63744 51171 27789 61402 
10146 18808 4585 5164 40197 30061 2307 18467 51010 15714 49930 18428 28501 28225 50727 43747 
35550 62729 3281 13701 31451 43688 47839 37968 49338 61084 30979 47546 46719 58768 43412 56865 
12040 47998 62030 52237 12523 64337 5169 63533 14515 55099 16425 43016 17788 1617 21228 53338 
64346 24509 1503 30261 2661 49342 2693 51999 44891 33672 34009 26074 26904 11886 17404 38944 
59884 13898 25646 6871 12699 30815 4869 27215 20378 21294 4695 38166 22911 25923 25969 21722 
50432 27472 51983 53094 11279 54677 39557 56170 22813 8031 16708 49718 19917 34112 23126 14265 
48010 48772 21136 60710 14051 26005 22389 34429 47300 27084 7060 4675 53008 33029 26397 37904 
60501 12845 25462 6244 1986 65020 62414 24799 7515 13587 8981 27432 47699 32108 41697 30174 
15344 62833 25348 29396 23303 47737 63825 5067 9285 5349 9742 62293 38378 36140 34662 33344 
48985 60124 39588 50971 59608 36467 10234 1587 50054 19216 29019 32217 51324 5180 62391 1132 
2478 22203 30528 25781 4404 28818 30848 13690 34167 40590 10447 7010 11194 45109 40354 60179 
39698 14406 45614 33770 50873 55849 35358 35391 9529 64377 2073 60853 4022 64464 61985 6500 
21132 26978 32281 25536 55796 63129 39226 24427 38183 49674 31437 49378 29247 6255 44021 3409 
20662 24100 37180 5999 14413 7002 41391 23942 5843 43464 19259 9865 42392 15708 16365 63524 
42686 48646 23525 32946 46239 62751 57374 18887 46889 23275 2729 10601 29531 46750 14010 50193 
5314 51190 56192 19727 58192 32047 43669 64036 9975 62928 8365 52368 13101 24731 50356 55787 
7841 8345 23198 54081 5561 15036 7432 52450 38311 10161 63051 2306 56911 11526 52499 62226 
62716 43156 16417 55373 9667 60087 53873 19643 57479 62238 6475 5044 21433 56831 60832 29275 
65177 18494 17820 5202 33530 25252 57652 6305 35413 55168 8612 26788 1158 61111 23478 63874 
38731 39896 53711 48399 34447 42048 2506 26390 38751 8981 31435 60184 276 26731 23923 65453 
45225 41743 5119 13219 1459 62772 19524 36872 52404 28136 63661 53562 23712 21603 51900 62443 
61499 40076 45306 30410 16588 47812 56801 55339 56793 22700 49988 57070 49431 8375 56987 29120 
50119 62107 42339 51578 59343 61863 22915 46211 24464 21040 34237 48176 42643 20601 45083 38607 
60677 24854 3481 11730 7130 60282 1533 63924 17446 51521 55458 1341 59897 46909 30461 44480 
43480 7264 30522 37287 3592 53437 17962 28056 8941 52199 10696 51585 7265 55779 24656 2406 
15097 28137 14136 22228 22884 15670 20616 40330 1655 10538 41672 61552 57447 6597 40496 35392 
13862 5483 7143 17454 58920 25106 45510 2326 11769 56206 53911 19034 46449 13031 21441 61547 
41168 35577 18239 64052 51247 38855 38847 52903 49393 14983 48919 41304 21580 23880 11160 35442 
29363 18304 52896 22747 43410 32870 25073 55179 23540 13448 8678 4454 26479 30119 465 2112 
160 18704 628 51408 57559 39475 38775 41416 54458 22158 17184 10503 46038 28345 45945 9865 
46649 33306 32613 24523 640 57686 14166 24181 5599 22844 28635 32078 52963 29100 34190 53124 
47804 34819 38996 39827 8758 12235 15707 63217 34393 32891 8184 14896 61236 54129 24761 42349 
21899 57374 1336 22540 49525 15503 46721 55124 38347 9820 21666 25775 38920 55857 13363 21188 
25140 52359 61015 33898 64594 11186 31579 33451 44077 39763 48347 39778 28357 7573 16591 50256 
64947 17928 7260 48936 33431 53981 38524 6242 63801 60191 32017 37185 50512 45380 58373 10116 
32203 53852 44014 31261 65038 10058 64713 43580 49821 47524 17822 12642 55097 34413 62899 54509 
52341 4623 37909 20236 58605 10898 26479 56870 5553 58496 28520 56065 38341 21357 645 5008 
9674 44659 36270 9176 54717 35447 52756 39003 17435 5042 51645 6997 39456 49008 61506 26261 
53632 33879 46498 46701 44777 7441 38035 50330 401 1019 40859 38742 22377 41504 43751 32051 
20628 14485 41227 9809 49932 28448 48812 1831 33490 34922 8828 7410 18394 4798 33672 6490 
38678 14634 53191 17919 22075 25691 2714 22476 26710 43573 61219 49087 19542 39434 15602 40170 
53919 56830 49979 38315 19742 33256 40146 53232 2642 48975 60643 21036 53773 28779 27527 26915 
43413 15182 44835 65488 40873 47549 22428 2048 25586 18111 51135 45128 57545 1202 19762 45928 
58032 4206 18707 12238 37462 58854 65470 40104 42293 60577 61140 30530 23820 23131 57446 1697 
38314 36745 1649 13651 18758 24078 15699 44344 42189 1299 23937 34199 2501 43699 14591 60533 
47905 33299 7235 19831 26617 7169 59935 3374 2211 55540 33904 26031 13135 25814 27729 51449 
62559 29378 65101 15781 53456 15264 60126 30110 16563 18527 64309 19064 62226 13364 14061 44596 
46663 21296 64427 7744 28466 58827 11118 30677 48831 45023 56708 61966 5301 18901 47880 2325 
48280 47445 18106 36200 62709 12696 774 13737 31223 65083 32801 27914 12912 46863 6974 59575 
2623 5865 1784 31089 64692 12902 61766 47987 57925 52939 44418 63227 6304 26762  16 54584 
8671 18122 25249 5844 30819 26023 19581 62042 25571 52383 24420 38483 33710 31394 32522 36333 
37260 34306 1887 36416 47209 63653 18868 39598 51056 63286 37289 57361 24512 37305 46409 33183 
55428 6122 39027 20711 32146 58609 17217 57717 45456 41638 30664 13630 7496 63186 49963 44756 
31957 51850 15637 13630 49968 34505 53228 35488 32255 24982 27313 56767 62287 8187 24414 52179 
14309 63441 7354 46455 56514 24572 38636 36434 674 3764 50064 8170 1415 34492 52927 33372 
20806 3028 47002 5238 37533 34694 40727 4252 59676 2504 61019 56428 10691 19897 43071 25001 
17802 50426 5920 8781 9462 44557 45215 10136 48321 29744 18306 49736 64236 5697 17572 19506 
8725 64574 24745 46258 33733 65472 50510 27873 2440 45993 18765 13132 354 61837 38133 18157 
46727 44053 26938 56189 23074 6617 789 5860 36361 19095 55596 35061 24793 7633 54568 33518 
6671 13777 14241 40404 13713 64751 2742 16153 45209 21507 29285 45563 17808 1882 63720 64535 
45936 25122 55188 3474 31740 55977 9334 2565 9537 64931 37627 34330 7028 26659 2312 13699 
40436 16553 54104 54149 15769 56846 4766 60978 12817 34052 41005 30626 35934 39190 29625 16334 
64312 19278 19809 30516 9719 29143 33082 19256 28538 5173 53586 35566 31832 55899 49266 6732 
6916 37834 60881 22685 29144 111 18127 41961 34163 59133 7051 4562 32787 36677 20896 31563 
55955 40705 62080 138 4313 29626 19395 32851 34799 7445 2882 1095 63344 52148 7827 4725 
24446 3172 27410 53590 3283 45538 30015 37447 39135 37067 42009 6386 8208 62905 37949 64163 
38075 34493 64301 42388 64119 18160 9703 33382 25606 12585 34477 23414 64733 42304 28139 23643 
45476 55550 11697 48760 35552 41713 20671 9151 13244 62680 15537 21452 60049 53486 20079 32588 
22444 18844 9440 21027 37005 19144 54410 62611 31729 23351 20489 30927 120 48629 54570 45596 
38643 732 28820 8659 42445 49491 17810 55689 46635 33347 11605 41149 21297 31684 8201 43741 
50528 17642 64769 21997 36786 53643 19072 2979 11458 39562 33906 11578 22655 22941 57175 61298 
23673 20459 4421 582 4415 22231 56271 51050 55578 2340 26663 11339 34024 34865 55081 19016 
52507 54314 41014 23757 42421 60086 26736 53879 34112 60643 65458 56767 18048 57097 52529 41721 
12020 56950 42303 16435 13645 33038 1950 3687 35378 28613 15027 3866 63478 4572 22882 50449 
58886 63896 8670 35771 58447 35407 24114 27023 30514 24036 18255 48562 15597 5248 24747 27618 
62199 1514 44053 10308 34552 46003 13996 4394 9081 29023 8260 7023 33595 31142 57473 26945 
29503 607 62716 22414 36014 21294 49437 992 45331 2156 49554 60928 7405 8765 23010 4068 
10279 1528 14376 44831 47531 28372 49225 56612 57395 57485 63636 25454 23092 55573 52399 52595 
56180 49579 9473 26659 5338 58910 27651 50669 61067 11670 46061 2936 20435 3536 7004 30715 
5064 21380 10010 52595 49753 59236 43672 41612 51185 41772 1531 8741 31809 53930 61336 22453 
37974 5273 49112 43312 64184 11228 28445 59715 22898 8970 62651 43333 12506 4119 8512 17570 
25499 18523 4630 9716 12223 48302 51329 63408 24538 52860 6614 56347 41254 2414 13264 13692 
7688 62377 57004 6336 8069 19913 515 30967 28884 63166 8764 41390 1749 17277 58961 27248 
35800 63591 36965 48023 46357 22758 45895 5359 10082 52509 61706 51336 54924 9434 65029 62612 
6275 56497 3412 14344 10875 3927 45311 39759 1557 54076 15613 3306 5817 9038 30554 41617 
7093 1983 24104 53450 24741 4463 58809 34823 56973 54979 20624 46361 64414 20117 43437 5153 
11078 46849 19498 21953 50776 64809 61712 52333 53349 11790 55639 59166 20828 20657 35247 27922 
22641 59351 15836 47382 63815 9110 16670 55252 64089 37294 36077 62967 57411 13978 2585 2953 
60827 22083 24907 46067 21356 21083 32864 9170 32873 22967 2800 53702 43624 38048 16088 729 
31863 31924 48112 30142 41034 64782 19858 39588 36540 55935 37019 28415 4377 39604 31368 65204 
61687 56275 45735 17508 11823 13063 26678 44696 36030 29478 32862 14119 1990 48950 14848 33854 
15339 62960 63996 56373 62206 18319 30425 33210 8718 1909 61625 13096 41513 27458 12764 37665 
18197 58500 55173 30020 6027 16315 9181 42058 45793 42043 56177 47784 25458 5489 16102 40797 
2914 14562 31634 65120 32881 62060 32795 41600 63969 28884 54696 39946 56342 1924 12075 9004 
60424 1712 39024 916 18027 48205 42974 63821 24713 33615 46069 50171 39104 62171 25432 42018 
11197 57066 41603 44079 53590 8862 20143 52023 37746 9303 26434 28553 11227 38509 37557 6116 
40222 11045 7032 58249 59251 50006 56534 18428 18085 37067 3063 57189 33702 28495 33672 44900 
20025 9739 23443 8080 18601 43586 60103 56347 52889 21001 19364 64116 59511 56921 4696 34197 
2431 11728 26910 61682 61734 17909 14574 14283 54976 17637 5937 23143 46132 39609 2507 621 
49348 25950 8701 2413 4000 3269 58760 56889 24270 12589 55469 18245 3974 60166 52442 6405 
6358 13817 2551 2557 31726 17125 16840 21166 34762 22777 44309 15358 62386 46816 15980 46198 
7230 24681 48611 11230 27950 41836 2583 52221 54425 58053 4930 58399 52683 57373 64805 59041 
5654 1820 61598 37380 18946 12903 58546 53708 35680 37320 3531 32531 18600 19511 13193 25831 
44192 61805 37061 6607 38105 39645 58828 26994 32162 63758 19857 19309 55595 19126 12814 61249 
20947 8877 33093 39893 21780 26104 28065 57460 63424 31596 24455 16488 51107 37649 42319 29764 
33918 13845 36371 6487 53490 29663 33481 20116 27885 53338 39425 17945 6929 52239 13658 27876 
61116 46752 2233 17360 7320 30298 9285 5208 61895 33740 21696 47466 5853 64016 11694 39771 
12325 48065 46258 279 12192 14203 20395 40078 2006 59820 58023 8935 46523 6145 36811 42104 
52897 39044 59464 60217 3806 3213 65425 165 36954 21586 47632 42807 20066 59326 17043 32391 
41856 63301 32670 54048 11969 53065 28590 13975 47349 21077 22910 28336 27223 59721 4904 14584 
33229 64369 9266 37035 2046 9155 37201 39000 30741 19297 16272 50807 13087 33315 17662 54943 
31080 50332 43456 43049 37861 6510 57024 19674 27588 14398 48011 54811 8583 52915 3859 41812 
51748 13125 13312 53795 22281 50513 27259 53022 4274 43531 38294 17361 11310 55956 6769 42391 
40753 50225 19904 13078 56735 11393 32753 18787 25791 15228 8062 34375 2607 11922 10651 54356 
25047 23963 42615 47328 8940 4338 34815 13214 47870 7573 30576 59180 63529 37345 36035 38746 
22034 55940 51825 13233 1797 19042 32021 27588 34270 40083 61963 36877 52005 7079 25697 11517 
31042 2776 58845 39983 7115 28124 53197 54985 35697 18237 48629 33691 55582 19129 6901 12080 
9533 58726 25314 11330 12232 57335 38918 46502 31882 35346 17844 18352 42425 43541 29869 7931 
46318 23178 47914 53433 51303 35576 42882 21464 53813 25975 55155 43860 45104 62057 55940 54637 
55247 15718 431 1944 7517 39350 48446 39400 9160 754 57752 51585 44296 22085 59516 25078 
45263 41895 12975 31030 11935 55857 52495 212 16296 42114 44072 61401 38635 34477 50502 28347 
50195 50934 30291 57713 24748 13201 31577 33908 13956 23793 19957 58252 45878 13937 17794 25605 
55832 30769 56636 2231 21090 43595 2444 37386 20173 46516 33251 58809 15457 18218 21620 117 
3616 51911 57830 28364 65112 23871 62272 13532 47664 16693 6248 28006 30630 24042 53611 20927 
54811 44711 23158 10365 22770 25602 47752 42944 6583 15467 36217 22040 33685 57837 22157 37301 
44212 14451 129 43788 38322 62401 57321 20450 13558 63569 48456 44189 22076 36532 65116 11351 
15707 22738 21717 38478 48341 3933 15886 54924 19400 52103 11428 53086 44404 33586 24851 23080 
48037 24981 1332 20824 21846 58653 41274 35405 56687 24195 14058 13227 60727 13638 24578 10898 
36376 46295 49376 19181 50228 65262 8569 4093 51829 19998 57179 30697 53584 16494 53777 36085 
41475 55110 56909 63322 48227 32648 33191 39378 56843 47249 52605 52034 60887 11648 62932 31727 
57943 46773 50909 42636 46499 59478 46729 32793 13940 38372 63490 1988 54866 51732 38074 30806 
41306 29447 28592 23997 62095 61783 63376 53402 43496 50445 39900 38847 62093 37297 5038 54501 
18534 55947 31601 65033 49890 12794 32290 63830 51166 30245 283 40496 16441 38357 5766 57747 
2268 34358 16208 64364 30605 14048 52230 8565 64494 26595 47412 61051 63892 52451 50016 16890 
42862 16081 16387 27216 28875 48678 25511 14505 13387 25794 55002 29828 64151 60768 22039 883 
29591 38247 65247 60196 52296 51942 3226 51254 13001 50638 46769 11357 37553 31250 28247 14880 
47331 44634 42096 10671 27776 2071 25176 41163 27865 14642 5455 26480 9875 27494 27364 39466 
206 27075 34126 52502 13481 37352 38220 26482 22455 19453 37839 60008 50703 550 9352 32499 
45185 51449 43170 7425 53520 2810 48589 15850 17453 54044 42330 27328 16003 4158 1258 16209 
31234 35384 3175 44715 7201 41395 5662 29656 60848 43501 24128 46016 44052 33481 12979 23701 
19394 56149 31126 7378 58959 14179 23228 10876 2688  23 38204 18691 4181 39462 34900 35415 
9311 38075 14595 16512 13934 20257 46168 9246 63758 4760 55262 42274 38241 2705 439 57635 
58854 31566 65014 52278 45745 22706 63154 48433 22729 35823 1588 26911 9749 36488 62326 19060 
9027 11385 35572 22961 31642 16204 32208 29865 20965 21934 6603 59206 24640 7043 51306 17958 
38609 50784 4700 18818 7954 2319 1716 30684 38142 3304 57595 47891 39793 54385 1416 48820 
235 36988 6246 31877 53193 38454 61742 8622 60388 2810 2292 19492 9853 53598 37451 48462 
38846 42151 1744 46801 44470 3460 11949 17076 6765 4008 64968 46558 58393 848 29842 58628 
37836 36088 24970 25493 9006 21176 34115 3859 23986 36408 23351 33839 24470 60802 16765 63317 
37418 18510 44582 16352 21970 56531 33429 28735 60539 32861 9757 53396 33709 39600 46489 6009 
10152 5923 31503 19159 27099  82 23018 51086 36490 46369 19389 60961 41636 36155 58742 13518 
54665 37788 29870 11099 28783 63299 39835 23786 30624 49592 11646 64333 23656 58135 4807 33809 
64058 36310 52968 25622 36392 10450 11172 7347 56819 30561 2772 32919 1180 61514 46437 55845 
33766 10772 1409 62549 8535 41244 20799 39160 25300 32445 37957 48957 25045 42764 17230 23567 
13538 4662 49189 49931 15112 60361 57278 6395 25387 60050 39315 26567 56028 20216 16877 24258 
30988 18286 21271 39524 59530 42070 13148 19294 8979 51105 2715 34024 28334 19945 57592 41872 
24607 41245 26267 39719 36071 18009 46115 61458 12523 19894 22489 3015 40110 39366 27273 5563 
57652 48544 45087 51646 25078 58235 5405 34058 43804 8120 2546 6602 28066 60138 48475 52673 
35848 9206 26857 6383 27216 7436 2305 39739 27330 24794 42755 1904 64161 4492 7467 56277 
53037 52554 42388 12579 45253 47793 46637 23522 55913 49184 30124 18443 43786 13063 5581 14098 
22270 32438 20481 49486 39874 22786 23689 1668 47581 908 3572 46206 5401 11040 36947 58438 
63594 13799 5481 43312 61592 52119 1298 51970 35767 31422 4877 14017 44486 10458 28116 1220 
42896 48597 50706 17234 5848 8859 18902 53429 9768 22475 34099 15169 33515 5510 8071 31573 
19310 13552 9349 15366 135 10647 1800 35902 42070 6678 49920 21020 17136 12500 22240 60033 
61097 7410 11731 1409 16269 30634 54838 26037 53109 23401 41206 21088 28912 49277 52661 48222 
62830 62011 63588 62965 7122 65389 33332 49192 6531 17716 4676 23667 30216 26916 18164 25777 
34326 29896 27187 50596 60530 16489 11097 48103 39891 52304 3655 3267 36045 56316 51489 33339 
52791 49541 30769 59914 49394 64101 43570 55925 16281 48247 14057 46497 9627 32221 6738 43954 
62117 33925 29014 57111 50415 40111 39678 24770 26879 43333 28037 62925 34114 13990 30728 21369 
